# GENERATED NUMERICAL DIAGNOSTIC. NOT A PROOF OR CERTIFICATE.
# Source: verification/archimedean_pole_finite_basis.py
# Default parameters: nx=240, nr=1600, R=100 for sweep.
# The R-stability section varies only the Fourier cutoff R.
# Signs near zero are not interval certified. Counts are finite-basis counts only.

# finite-basis q_AP sweep -- NUMERICAL ONLY
# nx=240 nr=1600 R=100.0
# L          N   min_generalized_eigenvalue   neg_count   first_four
  0.700000   4 +1.125948706e-02   0   +1.125948706e-02 +2.332284612e-01 +8.105864216e-01 +1.060598441e+00
  0.700000   6 +5.512484972e-03   0   +5.512484972e-03 +1.793393450e-01 +7.583157367e-01 +1.022492031e+00
  0.700000   8 +3.498297814e-03   0   +3.498297814e-03 +1.479535215e-01 +7.272013545e-01 +9.942720862e-01
  0.700000  10 +2.604409906e-03   0   +2.604409906e-03 +1.277287450e-01 +7.082051749e-01 +9.759033435e-01
  0.800000   4 +2.056933202e-03   0   +2.056933202e-03 +9.530939705e-02 +6.930909970e-01 +9.266483247e-01
  0.800000   6 +1.177154670e-03   0   +1.177154670e-03 +4.061556232e-02 +6.469687111e-01 +8.884535716e-01
  0.800000   8 +1.115759126e-03   0   +1.115759126e-03 +8.747854370e-03 +6.198248802e-01 +8.602495506e-01
  0.800000  10 -1.171089882e-02   1   -1.171089882e-02 +1.115353203e-03 +6.036793918e-01 +8.420444965e-01
  0.900000   4 -2.805517514e-02   1   -2.805517514e-02 +2.340803979e-03 +5.987141424e-01 +8.083363759e-01
  0.900000   6 -8.378943733e-02   1   -8.378943733e-02 +1.811997238e-03 +5.620779080e-01 +7.700132346e-01
  0.900000   8 -1.163107154e-01   1   -1.163107154e-01 +6.544017846e-04 +5.411965399e-01 +7.417672870e-01
  0.900000  10 -1.371551488e-01   2   -1.371551488e-01 -5.509640468e-04 +5.294183773e-01 +7.236281816e-01
  1.000000   4 -1.403377146e-01   1   -1.403377146e-01 +4.630273973e-03 +5.284165472e-01 +7.023306842e-01
  1.000000   6 -1.973744005e-01   2   -1.973744005e-01 -1.823176398e-03 +5.053019140e-01 +6.638464604e-01
  1.000000   8 -2.307280619e-01   2   -2.307280619e-01 -7.847571645e-03 +4.930606919e-01 +6.355235779e-01
  1.000000  10 -2.521210424e-01   2   -2.521210424e-01 -1.259883448e-02 +4.869930722e-01 +6.173591040e-01
  1.386294   4 -5.090949670e-01   2   -5.090949670e-01 -7.971502998e-02 +3.719977490e-01 +5.248704162e-01
  1.386294   6 -5.742395224e-01   2   -5.742395224e-01 -1.328413877e-01 +3.325904244e-01 +4.665275169e-01
  1.386294   8 -6.128138932e-01   2   -6.128138932e-01 -1.630870317e-01 +3.037969571e-01 +4.533905870e-01
  1.386294  10 -6.377306644e-01   2   -6.377306644e-01 -1.819001360e-01 +2.853561565e-01 +4.417090471e-01
  2.000000   4 -1.011142718e+00   3   -1.011142718e+00 -3.797343586e-01 -4.412113145e-03 +1.051442039e+00
  2.000000   6 -1.103822641e+00   3   -1.103822641e+00 -4.506744846e-01 -4.614093157e-02 +1.881263165e-01
  2.000000   8 -1.160256088e+00   3   -1.160256088e+00 -4.897654302e-01 -7.605631509e-02 +1.631733070e-01
  2.000000  10 -1.197330608e+00   3   -1.197330608e+00 -5.135402199e-01 -9.520291459e-02 +1.411103059e-01
  3.000000   4 -1.918577163e+00   3   -1.918577163e+00 -7.904217031e-01 -4.325857647e-01 +2.455409028e+00
  3.000000   6 -2.123841140e+00   5   -2.123841140e+00 -8.720322054e-01 -4.787732080e-01 -2.114278350e-01
  3.000000   8 -2.253974198e+00   5   -2.253974198e+00 -9.174048799e-01 -5.105154618e-01 -2.372514200e-01
  3.000000  10 -2.341444472e+00   5   -2.341444472e+00 -9.451299652e-01 -5.307387860e-01 -2.605182304e-01

# R-truncation stability -- NUMERICAL ONLY
# nx=240 nr=1600
# case L=0.8, N=10
R=  50.00  -2.167601721e-02 +1.103250517e-03 +5.983980555e-01
R=  75.00  -1.243746620e-02 +1.114455405e-03 +6.032634793e-01
R= 100.00  -1.171089882e-02 +1.115353203e-03 +6.036793918e-01
R= 125.00  -1.159789900e-02 +1.118418014e-03 +6.037398295e-01
R= 150.00  -1.157287467e-02 +1.141429667e-03 +6.037582338e-01
# case L=0.9, N=10
R=  50.00  -1.410224889e-01 -6.522217045e-04 +5.270139831e-01
R=  75.00  -1.375265327e-01 -5.561637852e-04 +5.292806786e-01
R= 100.00  -1.371551488e-01 -5.509640468e-04 +5.294183773e-01
R= 125.00  -1.371103827e-01 -5.472578757e-04 +5.294434268e-01
R= 150.00  -1.370989961e-01 -5.252215655e-04 +5.294579573e-01
# case L=1, N=10
R=  50.00  -2.542304727e-01 -1.282138047e-02 +4.863547864e-01
R=  75.00  -2.523023526e-01 -1.261221190e-02 +4.869509126e-01
R= 100.00  -2.521210424e-01 -1.259883448e-02 +4.869930722e-01
R= 125.00  -2.520943517e-01 -1.259453544e-02 +4.870013399e-01
R= 150.00  -2.520893372e-01 -1.257550665e-02 +4.870183836e-01
# case L=1.38629436112, N=10
R=  50.00  -6.380489636e-01 -1.820162653e-01 +2.848858823e-01
R=  75.00  -6.377504171e-01 -1.819085726e-01 +2.853272467e-01
R= 100.00  -6.377306644e-01 -1.819001360e-01 +2.853561565e-01
R= 125.00  -6.377276695e-01 -1.818983599e-01 +2.853608227e-01
R= 150.00  -6.377287397e-01 -1.818921129e-01 +2.853615380e-01
# case L=2, N=10
R=  50.00  -1.197368460e+00 -5.135528297e-01 -9.524558313e-02
R=  75.00  -1.197332881e+00 -5.135410469e-01 -9.520549912e-02
R= 100.00  -1.197330608e+00 -5.135402199e-01 -9.520291459e-02
R= 125.00  -1.197330976e+00 -5.135398334e-01 -9.520260789e-02
R= 150.00  -1.197336168e+00 -5.135376932e-01 -9.520284776e-02
